jails: 
  death: 
    world: bruh
    x: -367.56233755904793
    y: 109.0
    z: -53.425831791614435
    yaw: -132.4309
    pitch: 89.1
  cell3: 
    world: bruh
    x: -375.43738784193465
    y: 119.0
    z: -38.52852911521255
    yaw: 270.73718
    pitch: 4.949992
  cell2: 
    world: bruh
    x: -375.6134950201728
    y: 116.0
    z: -38.521828523114536
    yaw: 271.03723
    pitch: 0.89999205
  cell1: 
    world: bruh
    x: -375.4400256925973
    y: 113.0
    z: -38.51128586198401
    yaw: 269.08722
    pitch: 15.599994
