spawns: 
  default: 
    world: bruh
    x: 10.228664045846212
    y: 69.0
    z: 23.15481237813931
    yaw: 269.70044
    pitch: 28.649994
  0x12: 
    world: bruh
    x: 56.84142490066023
    y: 64.0
    z: -77.96359358063079
    yaw: 212.85046
    pitch: 40.35001
  lil_nigga: 
    world: bruh
    x: -605.4056041143837
    y: 50.0
    z: -194.814741493336
    yaw: -160.34967
    pitch: 36.749992
