timestamps:
  login: 1665173484429
  logout: 1665173493973
ipAddress: 127.0.0.1
lastlocation:
  world: bruh
  x: 4.5
  y: 69.0
  z: 31.5
  yaw: 0.0
  pitch: 0.0
logoutlocation:
  world: bruh
  x: 9.5
  y: 69.0
  z: 22.5
  yaw: -90.150055
  pitch: 15.749993
