timestamps:
  login: 1662590770639
  logout: 1662590971922
ipAddress: 127.0.0.1
lastlocation:
  world: bruh
  x: 8.5
  y: 68.0
  z: 28.5
  yaw: 0.0
  pitch: 0.0
logoutlocation:
  world: bruh
  x: 112.61451920824871
  y: 53.0
  z: -44.732972102252525
  yaw: 217.20001
  pitch: 60.6
