lastlocation:
  world: bruh
  x: 1.1727943474253781
  y: 64.16610926093821
  z: 1122.9820869525456
  yaw: -276.34586
  pitch: 26.285929
timestamps:
  login: 1667857228919
  logout: 1667857108443
ipAddress: 127.0.0.1
logoutlocation:
  world: bruh
  x: 74.60368642481632
  y: 72.0
  z: 34.80705252078141
  yaw: 96.45044
  pitch: -27.45001
