timestamps:
  login: 1665173235306
ipAddress: 127.0.0.1
lastlocation:
  world: bruh
  x: 15.5
  y: 68.0
  z: 24.5
  yaw: 0.0
  pitch: 0.0
logoutlocation:
  world: bruh
  x: 9.5
  y: 69.0
  z: 22.5
  yaw: -90.150055
  pitch: 15.749993
