timestamps:
  login: 1665002422402
  logout: 1665002974728
ipAddress: 127.0.0.1
lastlocation:
  world: bruh
  x: 19.5
  y: 66.0
  z: 19.5
  yaw: 0.0
  pitch: 0.0
logoutlocation:
  world: bruh
  x: -8.40142487452284
  y: 69.0
  z: 5.268943866383596
  yaw: 187.00156
  pitch: -24.838352
