world: bruh
x: -607.2670961311125
y: 53.0
z: -213.55660472599308
yaw: -269.39963
pitch: 5.5499907
name: dead
