world: bruh
x: -371.07374447843625
y: 113.0
z: -38.13003272163085
yaw: 80.41913
pitch: 31.049995
name: jail
