world: bruh
x: -375.9182956214549
y: 113.0
z: -38.09348090782847
yaw: 269.4191
pitch: 1.6499921
name: jail_inside
