world: bruh_nether
x: -81.44714625552389
y: 68.0
z: -26.83130084908595
yaw: 93.0004
pitch: 1.0499921
name: nether
