world: bruh
x: -409.78466096018315
y: 64.0
z: -1.894889035485788
yaw: 91.65051
pitch: 26.099995
name: pvp
